accuracy(train): 0.982281
accuracy(test): 0.911897
f1(train): 0.883064
f1(test): 0.518721